make: Entering directory '/home/ubuntu/znnphi_interface/code/znet'
rm -rf out
mkdir -p out
mkdir -p out/weights
python src/znet_generator/main.py /home/ubuntu/znnphi_interface/code/znet/src/python/pznet/.tmp/net.json /home/ubuntu/znnphi_interface/code/znet/nets/unet.h5 src/generated/znet.cpp
Parsing the network spec...
Loading the weights...
Optimizing the net...
Generating the network...
   Generating constructors...
   Generating foward pass...
Done!
make: Leaving directory '/home/ubuntu/znnphi_interface/code/znet'


































































































1 2
1 2
1 2
1 2
1 2
Starting Forward Pass
convi: 0.074124
conv0_d0: 0.100546
conv1_d0: 0.10058
conv2_d0: 0.100841
conv0_d1: 0.032125
conv1_d1: 0.039428
conv2_d1: 0.039414
conv0_d2: 0.012372
convf1_d2: 0.014447
conv1_d2: 0.006279
convf2_d2: 0.014409
conv2_d2: 0.006428
conv0_d3: 0.005461
convf1_d3: 0.007382
conv1_d3: 0.003106
convf2_d3: 0.007376
conv2_d3: 0.003096
conv0_d4: 0.002412
convf1_d4: 0.002985
conv1_d4: 0.001153
convf2_d4: 0.00297
conv2_d4: 0.001143
conv0_d5: 0.000895
convf1_d5: 0.001071
conv1_d5: 0.000428
convf2_d5: 0.00107
conv2_d5: 0.000421
Deconvolution1: 0.004148
conv4_d4: 0.003012
convf5_d4: 0.003
conv5_d4: 0.001154
convf6_d4: 0.00299
conv6_d4: 0.001149
Deconvolution2: 0.007456
conv4_d3: 0.00773
convf5_d3: 0.007395
conv5_d3: 0.002658
convf6_d3: 0.007764
conv6_d3: 0.002878
Deconvolution3: 0.019248
conv4_d2: 0.014324
convf5_d2: 0.014438
conv5_d2: 0.00648
convf6_d2: 0.014543
conv6_d2: 0.0064
Deconvolution4: 0.062262
conv4_d1: 0.039822
conv5_d1: 0.039307
conv6_d1: 0.03974
deconv_d3: 0.192073
conv4_d0: 0.100627
conv5_d0: 0.100563
conv6_d0: 0.100844
conv7_d0: 0.100849
score: 0.827284
average:2.31245
Forward Finished
5
1 3 18 192 192 
7962624 2654208 147456 768 4 
